inf
inf
inf
inf
inf
inf
3.492426633834838867e+00
3.484982490539550781e+00
3.469709396362304688e+00
3.476817846298217773e+00
2.127067804336547852e+00
2.096024990081787109e+00
2.090195178985595703e+00
2.083828926086425781e+00
2.066544771194458008e+00
2.086269378662109375e+00
2.123526811599731445e+00
inf
1.119371414184570312e+00
1.102273106575012207e+00
1.061134696006774902e+00
1.063786625862121582e+00
1.045754551887512207e+00
1.034030079841613770e+00
1.029790043830871582e+00
1.027222037315368652e+00
1.035853862762451172e+00
1.034953713417053223e+00
1.039182782173156738e+00
1.030887961387634277e+00
1.058236002922058105e+00
1.092313885688781738e+00
1.135602116584777832e+00
inf
2.592313528060913086e+00
2.567557811737060547e+00
2.549757719039916992e+00
2.541739463806152344e+00
2.579943656921386719e+00
2.614424228668212891e+00
inf
inf
inf
inf
inf
inf
inf
inf
inf
inf
inf
inf
1.869754791259765625e+00
1.812898993492126465e+00
1.777255058288574219e+00
1.774947285652160645e+00
1.777683258056640625e+00
1.783452033996582031e+00
1.791991591453552246e+00
1.817681550979614258e+00
1.847567319869995117e+00
3.455127239227294922e+00
3.434998989105224609e+00
3.402310132980346680e+00
3.394111394882202148e+00
3.358603000640869141e+00
3.314006567001342773e+00
3.289437532424926758e+00
3.278781652450561523e+00
3.260844469070434570e+00
3.224726200103759766e+00
3.218281030654907227e+00
3.187678813934326172e+00
3.160432100296020508e+00
3.151302576065063477e+00
3.144109964370727539e+00
4.593999087810516357e-01
4.302773177623748779e-01
3.930353820323944092e-01
3.994618654251098633e-01
3.752017319202423096e-01
3.684878051280975342e-01
3.672541081905364990e-01
3.974893391132354736e-01
3.474215865135192871e-01
3.519376516342163086e-01
3.552072346210479736e-01
3.454128801822662354e-01
3.556736707687377930e-01
3.704203963279724121e-01
3.478201925754547119e-01
3.422731161117553711e-01
3.463199436664581299e-01
3.490443229675292969e-01
3.444229960441589355e-01
3.496890664100646973e-01
3.572971224784851074e-01
3.409980237483978271e-01
3.715843558311462402e-01
3.443998098373413086e-01
3.515491187572479248e-01
3.624529540538787842e-01
3.678503334522247314e-01
3.729060292243957520e-01
3.687520325183868408e-01
3.754020631313323975e-01
4.037332236766815186e-01
4.083016216754913330e-01
4.187815189361572266e-01
4.139443635940551758e-01
4.528923332691192627e-01
2.393098831176757812e+00
2.360023736953735352e+00
2.316686153411865234e+00
2.291201591491699219e+00
2.270459651947021484e+00
2.249106884002685547e+00
2.229832410812377930e+00
2.185889482498168945e+00
2.184768915176391602e+00
2.145238161087036133e+00
2.122959613800048828e+00
2.093452930450439453e+00
2.095061063766479492e+00
2.068817615509033203e+00
2.042872905731201172e+00
2.011465787887573242e+00
2.014490842819213867e+00
2.006218433380126953e+00
2.014103651046752930e+00
1.960909128189086914e+00
1.960585951805114746e+00
1.935626864433288574e+00
1.941699385643005371e+00
1.930356860160827637e+00
1.911805748939514160e+00
1.927928805351257324e+00
1.916654109954833984e+00
1.890854954719543457e+00
1.897725820541381836e+00
1.887331366539001465e+00
1.888859987258911133e+00
1.867610096931457520e+00
1.875607967376708984e+00
1.870692610740661621e+00
1.852716445922851562e+00
1.861047744750976562e+00
1.880645871162414551e+00
1.861711144447326660e+00
1.854470014572143555e+00
1.847925662994384766e+00
1.873748540878295898e+00
1.874223113059997559e+00
1.867244005203247070e+00
1.878000259399414062e+00
1.864417910575866699e+00
1.868233203887939453e+00
1.891360640525817871e+00
1.888514876365661621e+00
1.891637802124023438e+00
1.902079105377197266e+00
1.904590129852294922e+00
1.902997732162475586e+00
1.911525130271911621e+00
1.933138728141784668e+00
1.924721956253051758e+00
1.875878930091857910e+00
1.857729434967041016e+00
1.829811930656433105e+00
1.812685132026672363e+00
1.776183843612670898e+00
1.723976731300354004e+00
1.712441563606262207e+00
1.687801480293273926e+00
1.679078340530395508e+00
1.640699267387390137e+00
1.637774109840393066e+00
1.610614180564880371e+00
1.587843060493469238e+00
1.566022396087646484e+00
1.574263334274291992e+00
1.534597754478454590e+00
1.553957700729370117e+00
1.533602118492126465e+00
1.518016815185546875e+00
1.483841657638549805e+00
1.495552659034729004e+00
1.484346151351928711e+00
1.451369166374206543e+00
1.460000514984130859e+00
1.425170063972473145e+00
1.449689865112304688e+00
1.449741482734680176e+00
1.406968712806701660e+00
1.410612344741821289e+00
1.403180241584777832e+00
1.394679307937622070e+00
1.380694389343261719e+00
1.380666017532348633e+00
1.382939815521240234e+00
1.380575299263000488e+00
1.370057582855224609e+00
1.373377680778503418e+00
1.378975033760070801e+00
1.377060770988464355e+00
1.371236085891723633e+00
1.361915349960327148e+00
1.375135302543640137e+00
1.367459177970886230e+00
1.356821060180664062e+00
1.367335200309753418e+00
1.364731669425964355e+00
1.367315292358398438e+00
1.365057110786437988e+00
1.364068627357482910e+00
1.376447916030883789e+00
1.376730442047119141e+00
1.360455513000488281e+00
1.366459608078002930e+00
1.391757965087890625e+00
1.389741897583007812e+00
1.367994308471679688e+00
1.394264221191406250e+00
1.398980975151062012e+00
1.417701125144958496e+00
1.412494897842407227e+00
1.424412965774536133e+00
1.432034730911254883e+00
1.437147259712219238e+00
1.432546257972717285e+00
1.453949332237243652e+00
1.463273286819458008e+00
1.466153502464294434e+00
1.500223159790039062e+00
1.483246326446533203e+00
1.514224886894226074e+00
1.539043545722961426e+00
1.550503134727478027e+00
1.547533273696899414e+00
1.559665203094482422e+00
1.582944512367248535e+00
1.590476036071777344e+00
1.606381535530090332e+00
1.643966794013977051e+00
1.655909538269042969e+00
1.647789120674133301e+00
1.655490875244140625e+00
1.622835159301757812e+00
1.608701348304748535e+00
1.585075378417968750e+00
1.588150143623352051e+00
1.580762147903442383e+00
1.567418813705444336e+00
5.230945944786071777e-01
5.184381008148193359e-01
5.020220875740051270e-01
4.904408752918243408e-01
4.719124436378479004e-01
4.898324310779571533e-01
4.680646955966949463e-01
4.471749067306518555e-01
4.531725645065307617e-01
4.570791125297546387e-01
4.605068266391754150e-01
4.586735963821411133e-01
4.532621502876281738e-01
4.405238926410675049e-01
4.521105587482452393e-01
4.533301293849945068e-01
4.386715888977050781e-01
4.541307389736175537e-01
4.568099081516265869e-01
4.656330943107604980e-01
4.801521301269531250e-01
4.629376530647277832e-01
4.820788502693176270e-01
4.723347127437591553e-01
4.989710152149200439e-01
4.881468117237091064e-01
5.085687041282653809e-01
5.273559689521789551e-01
5.614642500877380371e-01
2.086402893066406250e+00
2.100930452346801758e+00
2.113829135894775391e+00
2.128746509552001953e+00
2.116274118423461914e+00
2.154324293136596680e+00
2.133611917495727539e+00
2.163367271423339844e+00
2.166670799255371094e+00
2.190915346145629883e+00
2.209178447723388672e+00
2.243803262710571289e+00
2.255702495574951172e+00
2.286999702453613281e+00
2.295808792114257812e+00
2.296551942825317383e+00
2.321584463119506836e+00
2.342294931411743164e+00
2.389514446258544922e+00
2.386528968811035156e+00
2.417486667633056641e+00
2.449903488159179688e+00
2.475373506546020508e+00
2.504164457321166992e+00
2.559383630752563477e+00
2.580689191818237305e+00
2.623088121414184570e+00
2.655657291412353516e+00
2.698173284530639648e+00
2.730482339859008789e+00
2.772549152374267578e+00
2.823802709579467773e+00
2.867578506469726562e+00
2.930010318756103516e+00
2.964646100997924805e+00
2.971238851547241211e+00
2.953217267990112305e+00
2.933807134628295898e+00
2.920227527618408203e+00
2.912314653396606445e+00
2.908767461776733398e+00
1.207683324813842773e+00
1.131964564323425293e+00
1.110644340515136719e+00
1.104683637619018555e+00
1.106012582778930664e+00
1.103603839874267578e+00
1.072181701660156250e+00
1.080470085144042969e+00
1.082081198692321777e+00
1.095200538635253906e+00
1.083658933639526367e+00
1.098202109336853027e+00
1.125856399536132812e+00
1.142928957939147949e+00
3.256230354309082031e+00
3.251088857650756836e+00
3.274253368377685547e+00
2.234710931777954102e+00
2.132660150527954102e+00
2.120414495468139648e+00
2.114988565444946289e+00
2.102828025817871094e+00
2.099951982498168945e+00
2.147814750671386719e+00
2.158417940139770508e+00
3.384388923645019531e+00
3.430726289749145508e+00
3.432617664337158203e+00
3.467752218246459961e+00
3.491133689880371094e+00
inf
inf
inf
inf
inf
inf
inf
